-1.9999999974185272, -3.3320009373125277e-16
-1.9999741826895887, -3.3326673621737975e-08
-1.9997160379301144, -4.0312177858733766e-06
-1.9991867227899465, -3.2856693809115972e-05
-1.998202333458903, -0.00015836128259781807
-1.9965785602482922, -0.00054702056963321511
-1.9949535849428437, -0.0011755300529805671
-1.9922524135360384, -0.0026164586491239893
-1.9895415867043984, -0.0045911347212375568
-1.9868188539867009, -0.006947760667023949
-1.9819462563876153, -0.012047498340339031
-1.9770182206520195, -0.017984830552005816
-1.9720255067877892, -0.024676726993710756
-1.9669647879744734, -0.031905268363357768
-1.9618340421065088, -0.039530360433426434
-1.9566323921830773, -0.04744909308564247
-1.951359782107944, -0.05558334040892933
-1.9460167846279914, -0.063871833478226669
-1.9406044415590875, -0.072265759871991478
-1.9321021083172427, -0.085374335957440095
-1.9234456971358411, -0.09849932394548426
-1.9146369022478673, -0.11163770535940057
-1.9009844589670839, -0.13143602691311554
-1.8870316818213555, -0.15087828137012718
-1.8727884037692279, -0.17003787449096588
-1.8582963398077952, -0.18869482296064774
-1.8435686449714457, -0.20691503541160564
-1.8286275441600239, -0.22468175228996437
-1.8007543942090509, -0.25603967638020247
-1.7723785324667243, -0.28572202818410908
-1.7435947854532079, -0.31387835214537751
-1.7145650389251696, -0.34028100282522783
-1.6853637642527983, -0.3651220099443353
-1.6561070826830058, -0.38836636091477245
-1.6119475668946972, -0.42065044037542104
-1.568097607304336, -0.44971798853036193
-1.5248911321115823, -0.47543873768698885
-1.4824496334794648, -0.49825684330276621
-1.4408727274366524, -0.51851802606978215
-1.4004860803887778, -0.53589930553135656
-1.3610917226724588, -0.55133969861503318
-1.3229095293869668, -0.5646277404230251
-1.2860306504271219, -0.57585373094831971
-1.2502510829105706, -0.58567994833022552
-1.2158900213405162, -0.59361568745546767
-1.1828046031606554, -0.60010943550001117
-1.1508627586615141, -0.60551570366013385
-1.1200557155184039, -0.60991889112663455
-1.0904929767646709, -0.61318683427578347
-1.0622075192507705, -0.61532705270804233
-1.0348514443011627, -0.61695549579112996
-1.0086003514491009, -0.6177973403155762
-0.98349244120508894, -0.61781189363650513
-0.95911003575304576, -0.61766170102723339
-0.93583707251694204, -0.61674614549923068
-0.91347464055802885, -0.61537154441336783
-0.89194658449202135, -0.61364368450771145
-0.8712126632863717, -0.61160865363701633
-0.85126855217110919, -0.60925957985261958
-0.8081148366773685, -0.60281996934586912
-0.76842668097577682, -0.59545827384276384
-0.73194624333792324, -0.5873157515585925
-0.69840487576970589, -0.5785495425233822
-0.66772629894557678, -0.56908864586120433
-0.63888680766111972, -0.55995710215015482
-0.61234658753775006, -0.55045680754713944
-0.58736920030485895, -0.5412610731048928
-0.56465597733971862, -0.53148366130830182
-0.54294225618333902, -0.52234565623713314
-0.52287792604689531, -0.51305156247902217
-0.50384058081667404, -0.50413844969705024
-0.48634500450751117, -0.4949968366453561
-0.46995529039435113, -0.48598478296252301
-0.45421768436465398, -0.47746029904663922
-0.43948150228369975, -0.46901568164153806
-0.42542290445865089, -0.46088977476583803
-0.41242599200786445, -0.45267299796110105
-0.39967503494166789, -0.4450538591831088
-0.38832660145791614, -0.43694942334311371
-0.37611405969934708, -0.43031608253726317
-0.36741041932019369, -0.42130099614365868
-0.35551726010723489, -0.41565917563449739
-0.34896589163392272, -0.41085664043039039
-0.34318857134833874, -0.40566483797088715
-0.33675820494781, -0.4012691240405819
-0.3302376882159741, -0.39718082171978919
-0.32532817007282927, -0.39199057882265409
-0.31879230069628106, -0.38835632936106146
-0.31377438216204667, -0.38368941299115056
-0.30850674048280857, -0.3794305887618421
-0.30285033417658191, -0.37567686316729576
-0.29773212621155765, -0.37167655715231174
-0.29272471944922474, -0.36776996328672373
-0.28816634401251695, -0.36367816616276194
-0.28388649562273605, -0.35953419683897314
-0.27601206244809262, -0.35302413670132982
-0.26889341797625016, -0.34638458836588892
-0.26137689494693489, -0.34048803236478298
-0.25491297040882438, -0.33419278681940945
-0.24771864448488584, -0.32883481624029764
-0.24183038762724757, -0.32285443152614279
-0.23582183393045975, -0.3173101895624364
-0.23114999996962865, -0.31278843922548649
-0.22281466070221789, -0.30502629913050638
-0.21521131918200204, -0.2973714211983669
-0.20776802365143499, -0.29019511754666549
-0.20128228862006725, -0.28288744408675459
-0.19428421630000725, -0.27645514156561246
-0.18826033564459405, -0.26981587490719772
-0.18198043639746153, -0.26380163783474853
-0.17742037886837903, -0.25701989142978832
-0.17177870852666832, -0.25137411003264276
-0.1676607819539272, -0.24506014608423055
-0.16199360421424369, -0.24014081214414063
-0.15665534056185682, -0.23531588944918358
-0.15247914863483014, -0.23002542742551757
-0.14687635890049722, -0.22596356361490599
-0.14476833135235545, -0.2198796997794128
-0.13970200813281453, -0.21598678839516161
-0.13674860529484861, -0.21096691139024237
-0.13311780940630474, -0.2066178560963694
-0.1316717710767466, -0.20108820740820654
-0.12607171994123229, -0.19842733445636362
-0.12316065271168608, -0.19424642930290226
-0.1159926997817648, -0.18481968166259577
-0.10950571193218223, -0.17598018753182121
-0.10539550542153886, -0.17082188408754639
-0.10177003284815023, -0.16570525313948092
-0.097709516850286116, -0.16117329062184105
-0.094573567020266036, -0.15637725002577429
-0.08792012122201473, -0.14732492583411361
-0.084546921429430627, -0.14220652882581675
-0.081017949585831556, -0.13751988741981247
-0.077965925151771698, -0.13287152403285152
-0.074801160716905402, -0.1285859367158082
-0.072053017983343959, -0.12433432050436011
-0.069374814068624113, -0.12030231118498325
-0.06686223871180505, -0.11641858370137204
-0.062982943267405223, -0.1100470219849603
-0.059275607667523517, -0.10418356028236708
-0.055489691595201257, -0.098908982166823201
-0.052950149138174279, -0.093434110261525483
-0.048646752363256024, -0.08939289952722973
-0.046888893725984648, -0.084350952089362607
-0.044029118468443401, -0.080295919937745097
-0.044028260611607833, -0.075020296702099643
-0.039230980725905168, -0.072685756532031576
-0.03834723243040003, -0.069947014807802965
-0.036392164390577089, -0.067919079245570835
-0.035713764770296683, -0.065325496809509609
-0.033960535624614374, -0.063428203875459666
-0.033157740285512008, -0.061131853888318766
-0.029895957961657935, -0.060260676932077928
-0.031141096833744553, -0.057076658823085324
-0.028961293645800648, -0.055817845904582164
-0.029401164206069932, -0.053256950587066143
-0.026842305698783347, -0.052374382089204197
-0.026736832857348999, -0.050275332183846722
-0.025811294201238816, -0.048689796507650485
-0.028483175822443293, -0.045276109853253921
-0.022986679176313127, -0.046255215149249018
-0.023477130550741188, -0.044140001534787032
-0.021550170453996403, -0.04211495886288219
-0.020797674916363376, -0.039655641584857015
-0.019357378178955442, -0.037724425592911004
-0.018561940940199279, -0.035614366229563821
-0.01737362301952862, -0.033854947534961433
-0.016611889523398461, -0.032010355529155099
-0.015587716131383891, -0.030428833368700836
-0.014897789212971961, -0.028793474649613238
-0.013981190517541743, -0.027386165198972634
-0.013387317807243351, -0.02591687754802674
-0.012542433986168014, -0.024674085954901059
-0.012057159403170564, -0.02333839288677364
-0.01112948625997455, -0.021583312125761367
-0.010000997234019232, -0.020107280671211036
-0.0095425802651540811, -0.018453684060770748
-0.0088218487339459667, -0.017083125512096231
-0.0080109406876032706, -0.015891260860345646
-0.0076801769353039909, -0.014581597030716154
-0.0064765614648761571, -0.013827557733403495
-0.0068749175433772854, -0.012368440980159434
-0.0061017421069994929, -0.011596757967868854
-0.0059819548790808579, -0.010580838404106174
-0.0051555796657099251, -0.010004955290554562
-0.0046781262229379783, -0.0093267944510699863
-0.0040987292596622073, -0.007503779666895305
-0.0034941107940902778, -0.0069513055226400056
-0.0037027056618931901, -0.0060682635123709971
-0.0025323472109896605, -0.0059499257944795048
-0.0026831287174204684, -0.005231380328885038
-0.0023827478180183641, -0.0047975499744223882
-0.0020271547464818882, -0.0040281101946426645
-0.0017112836055070803, -0.0033899231075773528
-0.0014053441556641571, -0.0028712200832448076
-0.0012702943777261914, -0.0023772026670254576
-0.0008954260349006613, -0.0018276570642905554
-0.00073745025109743945, -0.0015116285037253263
-0.00055690610698208663, -0.0012770051242450009
-0.00052911711463203863, -0.0010208766015651349
-0.00051281880498471686, -0.00067871451758794166
-0.0002537263733819288, -0.00055234616056498709
-0.00016724148483509757, -0.0004097947652770273
-0.00014208060203885729, -0.00029129402330241305
-2.4767117082833637e-05, -0.0002504096663580313
-0.00024698613090666234, -6.7644554757606556e-05
9.8750598889230567e-05, -0.0001874919136390929
-0.00013895873983843756, -3.2194610466440565e-05
8.0051620008395058e-05, -0.00011303910525395366
-0.00015227454519439995, 2.2240086661184932e-05
0.00011877670819965196, -9.7671728793713442e-05
-0.00013496888072530363, 3.8663435453223371e-05
0.00011890314148710974, -7.9428371013712251e-05
-0.00013724256038559864, 5.313231132841878e-05
-1.8132231153626407e-05, 2.1196098209941283e-07
0.00019106823208070732, -9.9083084004192301e-05
1.1955289665101739e-05, -8.5357350521064745e-06
5.5062072082272736e-05, -2.8454323297566475e-05
-5.1318537179544864e-05, 2.4648219398848425e-05
3.4114748794759093e-05, -1.7364335280767307e-05
1.6438806487822587e-05, -7.6773576385136266e-06
1.2739113972240299e-05, -6.0065685758559084e-06
7.0236727154288566e-07, -1.0128012428722855e-06
