6.453682027835474e-10
6.454327396038258e-06
7.0991147674393003e-05
0.00020334956049984041
0.00044954417102181923
0.00085563184227547585
0.0012617195135291325
0.0019355976744779952
0.0026094758354268579
0.0032833539963757208
0.0044798539451080324
0.0056763538938403441
0.0068728538425726557
0.0080693537913049673
0.009265853740037279
0.010462353688769591
0.011658853637501902
0.012855353586234214
0.014051853534966526
0.015901849260569905
0.017751844986173285
0.019601840711776664
0.02241203278177005
0.025222224851763436
0.028032416921756821
0.030842608991750207
0.033652801061743592
0.036462993131736975
0.041614640415582001
0.046766287699427027
0.051917934983272053
0.057069582267117079
0.062221229550962105
0.067372876834807124
0.075162130165112639
0.082951383495418154
0.09074063682572367
0.098529890156029185
0.1063191434863347
0.11410839681664021
0.12189765014694573
0.12968690347725123
0.13747615680755673
0.14526541013786223
0.15305466346816773
0.16084391679847324
0.16863317012877874
0.17642242345908424
0.18421167678938974
0.19200093011969524
0.19979018345000074
0.20757943678030624
0.21536869011061174
0.22315794344091724
0.23094719677122275
0.23873645010152825
0.24652570343183375
0.25431495676213928
0.26210421009244478
0.28006476039944272
0.29802531070644067
0.31598586101343862
0.33394641132043656
0.35190696162743451
0.36986751193443246
0.3878280622414304
0.40578861254842835
0.4237491628554263
0.44170971316242424
0.45967026346942219
0.47763081377642014
0.49559136408341808
0.51355191439041603
0.53151246469741398
0.54947301500441192
0.56743356531140987
0.58539411561840782
0.60335466592540576
0.62131521623240371
0.63927576653940166
0.6572363168463996
0.67519686715339755
0.68739087288913003
0.69958487862486252
0.711778884360595
0.72397289009632748
0.73616689583205996
0.74836090156779245
0.76055490730352493
0.77274891303925741
0.7849429187749899
0.79713692451072238
0.80933093024645486
0.82152493598218734
0.83371894171791983
0.85497389244965183
0.87622884318138383
0.89748379391311583
0.91873874464484784
0.93999369537657984
0.96124864610831184
0.98250359684004385
1
1.0317126916045136
1.0634253832090272
1.0951380748135409
1.1268507664180545
1.1585634580225681
1.1902761496270817
1.2219888412315953
1.253701532836109
1.2854142244406226
1.3171269160451362
1.3488396076496498
1.3805522992541635
1.4122649908586771
1.4439776824631907
1.4756903740677043
1.5074030656722179
1.5391157572767316
1.5708284488812452
1.6025411404857588
1.6342538320902724
1.665966523694786
1.7436098139562886
1.8212531042177911
1.8706326924131025
1.9200122806084139
1.9693918688037253
2.0187714569990365
2.1217409269890526
2.1821325458215157
2.2425241646539789
2.302915783486442
2.3633074023189051
2.4236990211513683
2.4840906399838314
2.5444822588162945
2.6479438263252351
2.7514053938341756
2.8548669613431161
2.9583285288520567
3.0617900963609972
3.1652516638699377
3.2687132313788783
3.3721747988878188
3.4756363663967593
3.5465548774774596
3.6174733885581598
3.68839189963886
3.7593104107195603
3.8302289218002605
3.9011474328809608
3.972065943961661
4.0429844550423608
4.1139029661230611
4.1848214772037613
4.2557399882844615
4.3266584993651618
4.397577010445862
4.4684955215265623
4.5394140326072625
4.6613570008560972
4.7832999691049318
4.9052429373537665
5.0271859056026011
5.1491288738514358
5.2710718421002705
5.3930148103491051
5.5149577785979398
5.6369007468467744
5.7588437150956091
5.8807866833444438
6.0027296515932784
6.1868412043824419
6.3709527571716054
6.5550643099607688
6.7391758627499323
6.9232874155390958
7.1073989683282592
7.2915105211174227
7.4756220739065862
7.6597336266957496
7.8438451794849131
8.0279567322740757
8.2120682850632392
8.700344783214403
8.9299644874616
9.1595841917087952
9.3892038959559905
9.6188236002031857
9.848443304450381
10.274394400338307
10.700345496226234
11.12629659211416
11.552247688002087
12.249509796992982
12.724016802101325
13.198523807209668
13.673030812318011
14.468007363405698
15.262983914493386
16.057960465581075
16.852937016668765
17.647913567756454
18.442890118844144
19.237866669931833
20.032843221019522
20.827819772107212
21.622796323194901
22.417772874282591
23.21274942537028
24.007725976457969
24.802702527545659
26.230117271377878
27.657532015210098
29.084946759042317
30.512361502874537
31.939776246706757
33.367190990538973
38.38871515760529
43.410239324671608
48.431763491737925
